2.861
1.8366
4.1837
2.9846
3.5362
2.2836
2.3444
-1.1313
-2.8252
-1.7316
0.5556
-0.6132
-0.1208
0.4442
-2.6204
-1.1447
-1.2043
-1.5181
-0.6821
2.4265
2.8142
3.0089
3.8369
2.2777
2.2785
2.7988
2.9795
3.2789
4.0583
3.6217
1.2494
3.6973
3.8115
3.6363
4.3101
3.3271
2.327
2.8507
0.551
3.4733
3.1169
2.4089
1.021
-0.5384
0.7274
-1.1962
-0.4925
-1.2829
0.0869
-0.7512
-0.0199
0.1682
-0.5783
0.3892
1.8093
0.0246
-0.5118
0.4131
-0.4441
-1.6071
-0.0145
-0.505
-0.7762
0.7765
1.3634
-1.0226
-0.3966
-1.3076
0.1804
-2.8646
0.4901
-0.2811
-0.2383
0.7134
-0.7747
-0.6331
-1.7705
-2.1636
-1.2036
-0.2191
-1.0412
-1.8335
0.5727
-1.2121
-0.5113
-0.5008
-0.7494
-0.1034
-0.764
-2.164
-1.529
-0.2569
-1.7566
-0.8472
-1.4414
-1.6746
-1.5211
-0.9017
-0.3263
-0.6161
0.5641
-0.7454
-2.0175
-0.4903
-0.4286
-0.1835
-0.0002
0.7781
-1.0478
-0.2392
-0.5132
-1.0803
1.6363
-0.7576
-1.9095
1.2701
-0.1745
-1.619
0.1204
0.7698
2.104
3.1352
2.3453
1.9193
2.9523
3.3793
2.6696
2.5001
2.964
3.3144
3.1068
4.8482
2.7249
5.2126
4.5085
1.0549
1.3195
0.1353
-1.1014
0.0512
-1.5998
-0.414
-2.5046
-0.9931
-0.038
-0.821
0.7366
2.8252
2.0427
4.2925
3.4409
4.2809
2.5023
1.8813
3.8076
3.0412
2.2438
2.9109
0.9911
4.0839
2.0188
2.3115
4.3395
2.0908
2.5871
2.4938
4.6197
3.0809
1.9189
1.8755
4.7357
4.9375
4.6351
1.7441
2.7865
2.8011
3.3075
2.4277
2.0224
2.5532
4.0821
5.3726
3.2293
2.7334
3.7017
2.5124
4.8625
4.1069
1.7724
2.3301
4.3409
3.3881
3.3931
1.2927
3.2279
3.6856
2.3632
1.9974
2.8144
1.946
